20	15
575	4	0	(18,19,20)	9	(30,33,36)	2	(28,32,36)	13	(18,18,18)	10	(35,39,43)	8	(31,34,37)	6	(23,25,27)	4	(33,36,39)	11	(37,40,43)	12	(29,33,37)	1	(28,31,34)	14	(27,30,33)	3	(33,34,35)	5	(26,26,26)	7	(12,13,14)
473	4	9	(10,11,12)	10	(21,22,23)	14	(19,19,19)	5	(12,12,12)	4	(23,25,27)	6	(36,38,40)	0	(27,29,31)	7	(37,39,41)	13	(17,19,21)	11	(20,22,24)	1	(22,23,24)	3	(18,20,22)	2	(39,40,41)	12	(18,19,20)	8	(26,26,26)
540	4	3	(22,25,28)	8	(15,17,19)	11	(22,24,26)	13	(39,40,41)	10	(32,32,32)	14	(15,16,17)	5	(38,39,40)	9	(19,19,19)	0	(23,24,25)	1	(39,39,39)	4	(17,17,17)	2	(35,35,35)	7	(34,38,42)	6	(20,20,20)	12	(27,31,35)
509	4	14	(20,22,24)	3	(35,36,37)	2	(34,34,34)	12	(16,17,18)	4	(30,30,30)	13	(12,12,12)	1	(13,13,13)	6	(22,25,28)	9	(11,12,13)	7	(17,18,19)	10	(27,31,35)	0	(35,39,43)	5	(40,40,40)	8	(26,26,26)	11	(35,37,39)
525	2	12	(30,32,34)	14	(15,15,15)	1	(33,35,37)	7	(12,13,14)	8	(29,32,35)	11	(20,23,26)	6	(22,22,22)	4	(21,21,21)	0	(38,38,38)	2	(35,38,41)	3	(38,40,42)	10	(27,31,35)	5	(11,11,11)	13	(34,37,40)	9	(16,16,16)
444	2	10	(22,23,24)	12	(36,38,40)	8	(10,11,12)	14	(27,27,27)	9	(11,11,11)	6	(22,25,28)	5	(14,14,14)	4	(12,12,12)	2	(25,27,29)	11	(25,26,27)	7	(27,29,31)	3	(27,28,29)	13	(20,21,22)	0	(19,20,21)	1	(28,30,32)
516	2	6	(39,39,39)	8	(38,38,38)	0	(15,15,15)	12	(26,27,28)	10	(20,22,24)	9	(26,27,28)	2	(31,32,33)	4	(38,40,42)	3	(12,12,12)	13	(20,20,20)	14	(19,21,23)	11	(22,22,22)	5	(17,17,17)	7	(35,38,41)	1	(24,27,30)
462	2	11	(10,11,12)	13	(24,24,24)	10	(35,38,41)	8	(13,15,17)	9	(18,19,20)	14	(13,13,13)	5	(28,30,32)	0	(25,26,27)	2	(28,29,30)	6	(31,33,35)	12	(19,21,23)	1	(15,15,15)	3	(19,21,23)	4	(27,28,29)	7	(31,33,35)
423	2	8	(18,20,22)	6	(16,17,18)	5	(23,26,29)	3	(30,34,38)	9	(22,23,24)	0	(15,16,17)	2	(16,18,20)	4	(32,35,38)	12	(23,24,25)	10	(15,16,17)	11	(25,26,27)	7	(12,12,12)	14	(13,13,13)	13	(24,27,30)	1	(18,19,20)
542	2	1	(17,18,19)	7	(32,37,42)	14	(26,27,28)	9	(36,40,44)	5	(36,40,44)	6	(17,17,17)	8	(20,22,24)	3	(17,17,17)	10	(30,30,30)	0	(36,38,40)	4	(20,21,22)	12	(30,32,34)	11	(22,24,26)	13	(23,24,25)	2	(27,30,33)
500	2	11	(18,19,20)	0	(20,22,24)	13	(36,36,36)	6	(17,18,19)	5	(21,22,23)	3	(15,17,19)	14	(35,35,35)	10	(31,34,37)	7	(23,23,23)	8	(17,19,21)	2	(26,29,32)	1	(20,22,24)	12	(17,17,17)	4	(32,33,34)	9	(36,39,42)
399	2	6	(30,32,34)	3	(21,22,23)	12	(24,24,24)	5	(13,13,13)	4	(13,13,13)	1	(11,11,11)	0	(11,11,11)	13	(23,25,27)	8	(13,13,13)	2	(14,15,16)	10	(31,33,35)	11	(17,17,17)	14	(16,16,16)	9	(36,38,40)	7	(23,24,25)
448	2	14	(16,16,16)	13	(15,16,17)	1	(36,37,38)	8	(22,25,28)	2	(25,26,27)	3	(11,11,11)	9	(30,34,38)	4	(13,14,15)	0	(18,20,22)	6	(35,36,37)	12	(11,12,13)	5	(28,29,30)	10	(23,25,27)	7	(31,32,33)	11	(11,12,13)
573	2	8	(20,20,20)	10	(23,24,25)	11	(27,27,27)	9	(36,38,40)	5	(30,34,38)	12	(39,39,39)	7	(32,33,34)	4	(32,37,42)	2	(30,31,32)	13	(15,15,15)	14	(33,34,35)	3	(30,33,36)	6	(25,26,27)	1	(36,36,36)	0	(14,14,14)
474	2	8	(30,31,32)	0	(17,17,17)	9	(12,13,14)	1	(21,21,21)	10	(16,17,18)	7	(19,19,19)	13	(13,14,15)	3	(39,40,41)	5	(31,32,33)	11	(25,25,25)	2	(33,34,35)	14	(22,23,24)	6	(13,13,13)	12	(39,40,41)	4	(26,26,26)
520	2	8	(36,38,40)	12	(17,17,17)	3	(13,14,15)	13	(16,17,18)	4	(11,12,13)	1	(31,35,39)	6	(34,35,36)	0	(19,19,19)	10	(35,36,37)	7	(19,19,19)	9	(27,29,31)	2	(30,31,32)	5	(23,26,29)	11	(31,35,39)	14	(35,37,39)
549	1	14	(20,20,20)	3	(16,16,16)	0	(31,33,35)	10	(14,14,14)	5	(27,27,27)	7	(28,31,34)	8	(15,16,17)	6	(31,31,31)	12	(25,28,31)	9	(32,37,42)	4	(37,37,37)	2	(28,29,30)	11	(33,38,43)	1	(26,30,34)	13	(35,36,37)
401	1	11	(16,18,20)	3	(33,37,41)	14	(16,16,16)	6	(15,15,15)	8	(13,14,15)	12	(11,11,11)	13	(29,32,35)	5	(12,12,12)	1	(10,11,12)	10	(29,29,29)	7	(18,19,20)	4	(11,12,13)	9	(16,18,20)	2	(23,26,29)	0	(36,39,42)
501	1	11	(10,11,12)	2	(11,11,11)	12	(21,22,23)	9	(31,35,39)	14	(20,20,20)	7	(29,31,33)	4	(19,19,19)	3	(34,39,44)	5	(28,28,28)	6	(31,33,35)	10	(33,34,35)	1	(35,38,41)	0	(18,20,22)	13	(16,17,18)	8	(28,28,28)
478	1	2	(12,12,12)	12	(25,25,25)	5	(23,23,23)	8	(20,21,22)	6	(25,27,29)	9	(28,30,32)	14	(20,23,26)	11	(34,39,44)	3	(24,26,28)	13	(33,34,35)	7	(15,17,19)	1	(24,24,24)	4	(12,12,12)	0	(19,19,19)	10	(36,36,36)
