20	20
1253	4	7	(30,33,36)	4	(8,8,8)	0	(74,81,88)	10	(61,68,75)	17	(28,28,28)	18	(79,91,103)	16	(86,91,96)	15	(72,74,76)	3	(7,7,7)	11	(7,7,7)	5	(18,19,20)	6	(46,50,54)	9	(59,65,71)	19	(46,53,60)	12	(9,9,9)	8	(85,90,95)	14	(60,69,78)	13	(46,50,54)	2	(57,58,59)	1	(12,13,14)
1322	4	3	(65,69,73)	19	(10,10,10)	17	(53,58,63)	14	(10,10,10)	11	(91,91,91)	1	(5,5,5)	2	(34,37,40)	7	(9,9,9)	16	(82,93,104)	13	(92,94,96)	9	(44,46,48)	5	(52,55,58)	8	(87,99,111)	0	(25,28,31)	18	(82,95,108)	10	(92,94,96)	6	(4,4,4)	4	(46,51,56)	15	(54,59,64)	12	(10,10,10)
1378	4	15	(79,79,79)	0	(70,70,70)	4	(31,35,39)	8	(70,82,94)	2	(33,35,37)	14	(72,84,96)	18	(33,34,35)	12	(84,87,90)	7	(90,91,92)	5	(66,69,72)	6	(12,12,12)	16	(29,31,33)	17	(87,94,101)	11	(56,65,74)	10	(13,13,13)	13	(15,16,17)	19	(34,39,44)	9	(41,46,51)	1	(4,4,4)	3	(71,74,77)
1331	4	17	(45,50,55)	7	(37,40,43)	12	(76,81,86)	9	(47,47,47)	0	(90,96,102)	13	(60,67,74)	1	(85,94,103)	14	(49,53,57)	2	(21,22,23)	16	(17,17,17)	10	(21,23,25)	18	(23,24,25)	8	(59,66,73)	4	(14,15,16)	6	(48,56,64)	15	(72,84,96)	19	(72,79,86)	5	(24,25,26)	3	(12,13,14)	11	(66,72,78)
1389	2	19	(7,7,7)	6	(75,81,87)	5	(55,62,69)	15	(44,50,56)	13	(82,91,100)	4	(68,77,86)	2	(31,32,33)	18	(10,10,10)	3	(73,78,83)	16	(73,78,83)	11	(19,21,23)	14	(76,78,80)	1	(21,21,21)	17	(10,10,10)	8	(83,88,93)	9	(22,23,24)	7	(91,92,93)	10	(32,34,36)	12	(83,88,93)	0	(42,48,54)
1297	2	14	(61,66,71)	0	(63,71,79)	5	(52,55,58)	18	(23,25,27)	11	(41,43,45)	2	(21,24,27)	12	(78,87,96)	7	(59,59,59)	6	(83,90,97)	13	(60,63,66)	4	(87,90,93)	19	(22,22,22)	15	(6,6,6)	1	(47,50,53)	3	(9,9,9)	10	(17,18,19)	16	(19,19,19)	17	(47,52,57)	9	(72,83,94)	8	(60,66,72)
1246	2	8	(65,66,67)	14	(39,39,39)	18	(10,10,10)	7	(73,80,87)	6	(49,55,61)	3	(38,38,38)	1	(29,29,29)	11	(41,41,41)	17	(63,63,63)	10	(31,32,33)	15	(83,91,99)	19	(26,27,28)	4	(71,72,73)	2	(69,71,73)	16	(58,61,64)	13	(34,35,36)	9	(17,17,17)	0	(25,26,27)	5	(41,42,43)	12	(61,64,67)
1361	2	17	(11,11,11)	18	(29,33,37)	13	(77,84,91)	15	(11,12,13)	5	(16,18,20)	8	(56,57,58)	19	(39,43,47)	16	(22,24,26)	0	(70,77,84)	2	(79,85,91)	7	(62,62,62)	3	(46,49,52)	1	(5,5,5)	9	(42,46,50)	11	(80,93,106)	14	(80,85,90)	6	(89,92,95)	10	(28,30,32)	4	(63,64,65)	12	(70,77,84)
1183	2	11	(36,38,40)	0	(28,30,32)	9	(31,31,31)	18	(22,25,28)	1	(86,90,94)	19	(72,79,86)	16	(3,3,3)	12	(47,52,57)	6	(83,87,91)	10	(27,30,33)	7	(85,87,89)	14	(4,4,4)	15	(54,57,60)	8	(40,43,46)	4	(50,55,60)	13	(20,21,22)	17	(27,30,33)	5	(1,1,1)	2	(68,72,76)	3	(66,75,84)
1228	2	0	(9,9,9)	8	(43,49,55)	18	(87,91,95)	4	(35,39,43)	13	(35,40,45)	14	(56,59,62)	1	(18,20,22)	7	(26,27,28)	19	(67,67,67)	15	(21,22,23)	16	(2,2,2)	10	(42,47,52)	3	(79,91,103)	6	(11,11,11)	11	(68,70,72)	5	(84,97,110)	12	(77,78,79)	17	(67,69,71)	9	(17,17,17)	2	(37,40,43)
1249	2	16	(51,57,63)	6	(31,32,33)	3	(65,67,69)	8	(24,26,28)	10	(22,23,24)	1	(51,55,59)	19	(14,14,14)	17	(67,77,87)	0	(77,77,77)	13	(82,82,82)	2	(33,34,35)	4	(1,1,1)	5	(64,64,64)	12	(89,90,91)	9	(32,37,42)	15	(41,47,53)	7	(25,27,29)	18	(49,54,59)	11	(3,3,3)	14	(87,94,101)
1154	2	4	(24,25,26)	7	(30,33,36)	16	(11,12,13)	10	(27,27,27)	9	(28,32,36)	0	(43,49,55)	18	(31,35,39)	1	(5,5,5)	19	(72,73,74)	8	(3,3,3)	14	(25,28,31)	2	(50,54,58)	13	(43,45,47)	11	(30,32,34)	6	(50,53,56)	5	(87,99,111)	12	(83,85,87)	15	(76,86,96)	3	(13,13,13)	17	(95,99,103)
1500	2	12	(61,64,67)	13	(70,77,84)	2	(74,82,90)	18	(32,32,32)	9	(75,75,75)	8	(32,32,32)	0	(67,68,69)	10	(15,16,17)	7	(61,63,65)	3	(80,81,82)	15	(30,31,32)	17	(57,58,59)	6	(64,73,82)	16	(12,12,12)	14	(22,25,28)	5	(58,64,70)	4	(86,98,110)	11	(72,72,72)	1	(47,47,47)	19	(76,84,92)
1443	2	17	(15,17,19)	18	(97,98,99)	5	(99,99,99)	8	(35,39,43)	2	(63,73,83)	4	(77,82,87)	9	(1,1,1)	15	(43,43,43)	7	(42,48,54)	10	(55,62,69)	3	(43,44,45)	12	(47,50,53)	13	(43,44,45)	16	(71,72,73)	14	(86,89,92)	1	(41,45,49)	0	(39,44,49)	6	(21,21,21)	11	(76,79,82)	19	(52,60,68)
1513	2	12	(79,87,95)	7	(63,63,63)	10	(8,8,8)	2	(19,20,21)	18	(78,88,98)	4	(82,88,94)	19	(70,77,84)	14	(80,88,96)	13	(46,46,46)	3	(28,30,32)	6	(43,44,45)	1	(37,42,47)	5	(82,84,86)	16	(40,41,42)	15	(73,74,75)	8	(51,52,53)	9	(24,25,26)	0	(75,87,99)	11	(39,43,47)	17	(73,77,81)
1153	2	0	(38,39,40)	3	(88,93,98)	15	(38,44,50)	1	(23,23,23)	16	(68,75,82)	13	(7,7,7)	14	(57,60,63)	7	(43,45,47)	18	(71,71,71)	10	(48,49,50)	5	(3,3,3)	11	(64,68,72)	6	(56,56,56)	19	(20,20,20)	2	(32,35,38)	17	(8,8,8)	8	(70,79,88)	9	(20,21,22)	12	(43,48,53)	4	(42,43,44)
1414	1	3	(64,75,86)	15	(92,92,92)	1	(81,83,85)	4	(45,48,51)	2	(7,7,7)	11	(92,99,106)	13	(43,43,43)	17	(89,94,99)	18	(6,6,6)	14	(33,34,35)	16	(46,48,50)	0	(60,60,60)	6	(33,33,33)	8	(15,16,17)	12	(33,34,35)	5	(99,99,99)	9	(79,83,87)	19	(10,11,12)	7	(73,80,87)	10	(39,43,47)
1298	1	2	(96,97,98)	17	(70,80,90)	10	(2,2,2)	1	(35,37,39)	19	(31,31,31)	12	(34,37,40)	6	(52,58,64)	8	(11,11,11)	15	(23,24,25)	14	(76,84,92)	5	(10,10,10)	9	(28,30,32)	3	(89,97,105)	18	(89,89,89)	11	(41,47,53)	13	(36,37,38)	0	(64,73,82)	4	(11,11,11)	16	(84,90,96)	7	(54,54,54)
1142	1	11	(1,1,1)	3	(91,97,103)	19	(64,68,72)	1	(8,8,8)	15	(7,7,7)	14	(67,72,77)	8	(37,38,39)	6	(46,50,54)	4	(39,42,45)	16	(30,32,34)	0	(54,54,54)	5	(90,94,98)	13	(30,31,32)	10	(48,52,56)	17	(68,76,84)	2	(19,20,21)	18	(27,29,31)	12	(53,56,59)	7	(34,36,38)	9	(15,16,17)
1251	1	2	(27,29,31)	17	(27,31,35)	9	(49,49,49)	10	(88,91,94)	3	(7,7,7)	5	(34,37,40)	1	(79,86,93)	0	(70,75,80)	16	(19,21,23)	14	(41,46,51)	15	(43,47,51)	12	(1,1,1)	11	(16,16,16)	8	(27,29,31)	18	(42,47,52)	4	(75,81,87)	13	(51,52,53)	19	(39,44,49)	6	(86,95,104)	7	(78,79,80)
