20	20
1477	4	1	(28,30,32)	18	(74,80,86)	4	(32,34,36)	15	(90,92,94)	16	(25,29,33)	19	(93,96,99)	0	(25,25,25)	10	(46,49,52)	5	(65,67,69)	14	(48,53,58)	13	(19,20,21)	7	(46,52,58)	8	(27,29,31)	6	(48,51,54)	2	(35,35,35)	11	(35,38,41)	3	(17,18,19)	9	(42,43,44)	12	(45,46,47)	17	(87,98,109)
1596	4	4	(72,73,74)	2	(64,68,72)	3	(3,3,3)	14	(91,98,105)	1	(65,68,71)	0	(8,8,8)	13	(15,15,15)	17	(76,88,100)	18	(62,72,82)	16	(18,20,22)	5	(89,89,89)	10	(56,59,62)	9	(67,68,69)	15	(62,63,64)	19	(40,41,42)	11	(27,30,33)	8	(41,43,45)	6	(70,80,90)	7	(58,64,70)	12	(13,14,15)
1671	4	1	(6,6,6)	16	(31,36,41)	8	(83,88,93)	18	(71,71,71)	13	(46,51,56)	14	(56,63,70)	6	(32,32,32)	0	(15,16,17)	9	(61,63,65)	15	(7,7,7)	19	(16,18,20)	3	(86,90,94)	12	(50,55,60)	5	(23,25,27)	4	(71,72,73)	11	(88,92,96)	10	(84,88,92)	7	(60,69,78)	2	(87,89,91)	17	(73,83,93)
1591	4	19	(55,58,61)	3	(31,35,39)	4	(74,79,84)	9	(43,43,43)	1	(82,86,90)	2	(47,50,53)	18	(59,64,69)	8	(79,88,97)	6	(55,57,59)	16	(24,25,26)	13	(65,73,81)	14	(18,18,18)	12	(4,4,4)	5	(60,69,78)	7	(36,40,44)	11	(25,28,31)	15	(33,37,41)	10	(40,42,44)	17	(80,82,84)	0	(77,83,89)
1651	2	15	(2,2,2)	12	(35,41,47)	1	(12,13,14)	10	(66,75,84)	0	(28,31,34)	19	(61,66,71)	11	(65,72,79)	13	(65,66,67)	2	(84,96,108)	14	(43,45,47)	17	(26,29,32)	6	(48,49,50)	16	(91,96,101)	3	(48,50,52)	7	(34,38,42)	4	(69,80,91)	8	(83,90,97)	9	(36,36,36)	18	(44,50,56)	5	(65,76,87)
1417	2	3	(14,15,16)	7	(31,31,31)	9	(76,89,102)	0	(77,87,97)	5	(54,55,56)	6	(47,49,51)	14	(20,23,26)	16	(17,19,21)	4	(35,38,41)	2	(85,93,101)	19	(74,75,76)	12	(45,45,45)	13	(65,75,85)	18	(71,72,73)	1	(63,65,67)	11	(6,6,6)	17	(16,16,16)	10	(24,24,24)	8	(23,24,25)	15	(39,44,49)
1486	2	17	(4,4,4)	3	(20,22,24)	11	(95,99,103)	9	(9,10,11)	4	(78,85,92)	13	(79,79,79)	16	(2,2,2)	8	(48,54,60)	0	(75,80,85)	18	(2,2,2)	1	(51,58,65)	19	(32,33,34)	10	(83,92,101)	5	(81,93,105)	6	(86,94,102)	15	(30,34,38)	14	(32,36,40)	12	(43,48,53)	7	(51,54,57)	2	(12,12,12)
1387	2	17	(18,19,20)	13	(2,2,2)	16	(7,7,7)	4	(57,60,63)	11	(35,36,37)	7	(11,11,11)	12	(97,97,97)	6	(54,57,60)	8	(68,71,74)	10	(52,60,68)	2	(19,20,21)	18	(65,68,71)	0	(50,53,56)	9	(54,54,54)	15	(54,59,64)	1	(15,16,17)	3	(58,60,62)	5	(60,68,76)	14	(60,65,70)	19	(40,42,44)
1594	2	0	(57,57,57)	11	(16,16,16)	1	(87,92,97)	18	(85,99,113)	2	(81,82,83)	13	(83,91,99)	9	(12,12,12)	7	(17,19,21)	8	(51,59,67)	15	(41,43,45)	16	(18,20,22)	12	(74,84,94)	14	(23,24,25)	10	(75,80,85)	6	(60,60,60)	17	(78,82,86)	3	(61,62,63)	5	(31,32,33)	4	(26,29,32)	19	(18,20,22)
1588	2	9	(74,76,78)	3	(76,78,80)	6	(78,78,78)	12	(37,42,47)	0	(3,3,3)	13	(29,30,31)	2	(7,7,7)	1	(71,82,93)	17	(58,62,66)	16	(13,13,13)	18	(81,84,87)	19	(19,22,25)	4	(73,78,83)	11	(72,80,88)	14	(50,58,66)	7	(52,53,54)	15	(6,6,6)	5	(73,85,97)	8	(23,23,23)	10	(86,99,112)
1726	2	12	(73,83,93)	10	(9,9,9)	16	(66,72,78)	9	(86,88,90)	18	(81,84,87)	7	(86,87,88)	8	(74,78,82)	0	(62,65,68)	6	(20,23,26)	3	(7,7,7)	15	(30,35,40)	1	(82,94,106)	5	(33,33,33)	4	(10,10,10)	17	(6,6,6)	14	(82,85,88)	13	(80,88,96)	19	(18,18,18)	11	(82,94,106)	2	(84,92,100)
1486	2	6	(26,28,30)	18	(31,33,35)	8	(80,93,106)	4	(11,11,11)	7	(23,25,27)	17	(65,67,69)	0	(43,44,45)	14	(28,28,28)	11	(60,69,78)	19	(67,67,67)	3	(8,9,10)	10	(78,82,86)	9	(42,43,44)	16	(48,53,58)	12	(47,48,49)	5	(38,39,40)	1	(45,52,59)	13	(75,75,75)	2	(77,81,85)	15	(43,44,45)
1209	2	17	(22,24,26)	4	(38,44,50)	16	(53,58,63)	12	(65,73,81)	19	(27,30,33)	1	(24,25,26)	2	(20,21,22)	18	(14,14,14)	11	(6,6,6)	3	(36,41,46)	10	(17,19,21)	6	(19,21,23)	5	(35,36,37)	7	(63,72,81)	9	(83,96,109)	0	(29,32,35)	8	(5,5,5)	13	(43,46,49)	15	(61,61,61)	14	(71,82,93)
1563	2	14	(85,91,97)	11	(41,42,43)	1	(89,97,105)	9	(63,65,67)	12	(74,78,82)	7	(35,40,45)	10	(88,93,98)	19	(61,64,67)	2	(8,8,8)	17	(49,56,63)	13	(10,10,10)	16	(83,93,103)	8	(24,28,32)	15	(68,77,86)	5	(78,87,96)	3	(26,26,26)	18	(33,33,33)	0	(16,17,18)	6	(2,2,2)	4	(31,35,39)
1615	2	4	(14,15,16)	10	(45,45,45)	19	(96,96,96)	18	(11,11,11)	16	(87,95,103)	11	(35,39,43)	5	(19,22,25)	15	(69,73,77)	1	(76,79,82)	7	(56,64,72)	2	(73,79,85)	14	(76,88,100)	13	(60,65,70)	3	(24,24,24)	17	(38,38,38)	0	(17,17,17)	12	(3,3,3)	6	(63,73,83)	9	(59,59,59)	8	(90,92,94)
1560	2	2	(3,3,3)	3	(26,28,30)	7	(17,17,17)	18	(61,71,81)	14	(78,91,104)	6	(16,17,18)	12	(66,69,72)	0	(66,69,72)	9	(49,51,53)	13	(35,40,45)	4	(88,93,98)	16	(82,82,82)	10	(42,47,52)	5	(42,42,42)	19	(51,59,67)	11	(7,7,7)	17	(43,43,43)	15	(82,83,84)	8	(44,45,46)	1	(74,83,92)
1720	1	3	(60,67,74)	2	(9,9,9)	15	(37,37,37)	9	(56,62,68)	18	(82,82,82)	11	(63,69,75)	7	(29,34,39)	17	(35,39,43)	16	(13,15,17)	8	(73,84,95)	19	(29,32,35)	13	(69,72,75)	0	(67,68,69)	6	(88,95,102)	4	(63,70,77)	10	(76,80,84)	14	(68,78,88)	1	(73,80,87)	5	(29,30,31)	12	(40,44,48)
1684	1	4	(12,13,14)	10	(95,96,97)	8	(24,26,28)	1	(4,4,4)	12	(88,89,90)	18	(85,98,111)	17	(72,83,94)	15	(8,8,8)	11	(70,70,70)	19	(63,68,73)	3	(34,37,40)	14	(20,20,20)	13	(35,35,35)	7	(96,99,102)	2	(25,27,29)	9	(12,12,12)	5	(73,73,73)	6	(86,92,98)	0	(94,98,102)	16	(71,75,79)
1264	1	13	(71,75,79)	15	(1,1,1)	5	(35,35,35)	14	(72,73,74)	3	(32,35,38)	18	(6,6,6)	17	(37,38,39)	10	(30,34,38)	2	(62,70,78)	19	(49,51,53)	6	(16,16,16)	12	(67,78,89)	11	(57,58,59)	16	(9,9,9)	7	(97,97,97)	0	(53,55,57)	4	(33,38,43)	1	(61,65,69)	9	(1,1,1)	8	(8,8,8)
1308	1	3	(25,27,29)	13	(34,36,38)	18	(46,50,54)	8	(20,21,22)	11	(32,32,32)	9	(6,6,6)	17	(34,34,34)	12	(73,84,95)	16	(45,50,55)	0	(38,39,40)	2	(4,4,4)	14	(83,94,105)	19	(43,49,55)	7	(19,20,21)	10	(86,98,110)	1	(56,64,72)	15	(40,41,42)	4	(29,29,29)	6	(4,4,4)	5	(90,90,90)
