20	20
1530	4	7	(78,86,94)	13	(41,43,45)	17	(61,61,61)	6	(86,99,112)	8	(7,7,7)	11	(63,70,77)	4	(20,21,22)	3	(2,2,2)	12	(84,88,92)	18	(33,38,43)	9	(59,65,71)	2	(70,81,92)	0	(35,38,41)	1	(49,51,53)	10	(74,81,88)	16	(35,37,39)	15	(68,72,76)	14	(86,94,102)	5	(42,44,46)	19	(92,99,106)
1498	4	7	(79,80,81)	17	(58,66,74)	16	(80,90,100)	10	(80,83,86)	0	(82,89,96)	15	(7,7,7)	12	(54,55,56)	1	(16,17,18)	2	(13,13,13)	9	(41,45,49)	18	(25,28,31)	5	(69,73,77)	3	(40,44,48)	6	(64,65,66)	19	(48,50,52)	14	(83,84,85)	4	(63,70,77)	11	(69,71,73)	8	(28,32,36)	13	(82,91,100)
1517	4	11	(88,90,92)	17	(39,43,47)	19	(35,37,39)	0	(69,71,73)	2	(56,64,72)	4	(88,88,88)	8	(24,27,30)	14	(26,30,34)	10	(32,34,36)	3	(96,99,102)	5	(9,10,11)	12	(39,44,49)	18	(85,99,113)	15	(82,94,106)	1	(93,96,99)	16	(88,98,108)	6	(38,44,50)	7	(7,7,7)	9	(33,33,33)	13	(59,59,59)
1154	4	2	(33,34,35)	7	(47,52,57)	17	(5,5,5)	12	(4,4,4)	1	(72,84,96)	16	(51,54,57)	13	(3,3,3)	6	(92,97,102)	19	(36,39,42)	3	(9,9,9)	18	(9,9,9)	11	(91,91,91)	5	(59,60,61)	0	(4,4,4)	4	(61,63,65)	14	(3,3,3)	8	(30,35,40)	10	(77,79,81)	15	(63,66,69)	9	(95,97,99)
1296	2	3	(51,52,53)	5	(45,51,57)	12	(68,72,76)	0	(22,24,26)	10	(90,96,102)	17	(49,54,59)	16	(51,51,51)	2	(58,61,64)	7	(88,92,96)	8	(73,81,89)	9	(72,74,76)	18	(43,49,55)	19	(24,24,24)	4	(58,59,60)	13	(4,4,4)	11	(19,21,23)	1	(74,78,82)	6	(2,2,2)	15	(3,3,3)	14	(49,49,49)
1431	2	9	(37,42,47)	13	(42,47,52)	6	(10,10,10)	0	(27,27,27)	7	(34,38,42)	18	(80,92,104)	12	(81,88,95)	17	(16,16,16)	19	(3,3,3)	10	(51,56,61)	3	(73,80,87)	4	(10,10,10)	16	(25,26,27)	1	(70,78,86)	15	(65,69,73)	8	(85,91,97)	2	(77,82,87)	11	(77,77,77)	14	(70,73,76)	5	(95,96,97)
1586	2	7	(18,19,20)	3	(34,38,42)	5	(77,83,89)	17	(46,50,54)	14	(28,31,34)	19	(76,87,98)	8	(66,67,68)	9	(89,99,109)	13	(66,69,72)	11	(73,77,81)	1	(4,4,4)	12	(31,31,31)	16	(85,96,107)	0	(72,77,82)	2	(73,80,87)	18	(63,68,73)	15	(74,74,74)	4	(75,86,97)	10	(30,30,30)	6	(52,54,56)
1197	2	15	(23,25,27)	16	(45,47,49)	12	(9,10,11)	5	(15,16,17)	4	(76,83,90)	9	(61,62,63)	18	(3,3,3)	3	(35,38,41)	8	(87,87,87)	19	(17,19,21)	17	(95,98,101)	6	(2,2,2)	13	(56,58,60)	11	(27,30,33)	0	(22,22,22)	7	(51,55,59)	14	(75,80,85)	10	(64,69,74)	1	(75,77,79)	2	(38,40,42)
1303	2	2	(16,17,18)	5	(94,98,102)	6	(24,25,26)	19	(41,41,41)	4	(60,62,64)	18	(27,28,29)	1	(47,52,57)	0	(5,5,5)	8	(25,25,25)	9	(34,37,40)	7	(82,93,104)	12	(63,63,63)	13	(22,23,24)	14	(51,58,65)	17	(84,92,100)	15	(65,70,75)	16	(80,90,100)	3	(28,29,30)	10	(26,26,26)	11	(65,69,73)
1493	2	19	(38,41,44)	0	(61,65,69)	17	(30,34,38)	14	(4,4,4)	7	(68,73,78)	11	(78,79,80)	8	(54,58,62)	6	(14,14,14)	12	(92,97,102)	4	(70,71,72)	10	(91,97,103)	2	(85,95,105)	16	(51,58,65)	13	(12,12,12)	3	(15,17,19)	9	(63,66,69)	1	(73,78,83)	15	(61,68,75)	18	(59,69,79)	5	(48,53,58)
1107	2	10	(24,27,30)	4	(81,83,85)	14	(18,20,22)	9	(12,12,12)	19	(79,86,93)	6	(31,34,37)	18	(35,36,37)	0	(25,28,31)	13	(57,63,69)	12	(35,37,39)	16	(20,23,26)	5	(50,50,50)	7	(79,90,101)	8	(5,5,5)	17	(17,17,17)	3	(74,80,86)	1	(32,35,38)	2	(4,4,4)	15	(36,41,46)	11	(71,81,91)
1428	2	4	(74,85,96)	18	(90,92,94)	12	(82,90,98)	15	(85,95,105)	3	(18,19,20)	8	(58,59,60)	19	(93,94,95)	9	(73,75,77)	5	(75,75,75)	6	(47,47,47)	16	(8,9,10)	14	(6,6,6)	10	(39,43,47)	0	(28,30,32)	2	(82,88,94)	1	(18,19,20)	17	(9,10,11)	13	(68,76,84)	11	(50,58,66)	7	(29,29,29)
1175	2	4	(21,23,25)	5	(86,87,88)	6	(47,50,53)	7	(73,76,79)	11	(24,26,28)	10	(26,28,30)	0	(35,36,37)	17	(31,35,39)	2	(4,4,4)	9	(32,32,32)	14	(21,22,23)	13	(69,74,79)	1	(45,52,59)	16	(13,13,13)	8	(14,14,14)	19	(57,61,65)	15	(46,47,48)	12	(76,87,98)	3	(73,73,73)	18	(55,64,73)
1547	2	5	(73,80,87)	0	(43,43,43)	17	(40,45,50)	14	(86,92,98)	8	(67,68,69)	12	(57,66,75)	2	(57,60,63)	9	(32,37,42)	18	(56,60,64)	6	(44,51,58)	19	(36,41,46)	3	(61,61,61)	13	(88,98,108)	7	(56,59,62)	4	(90,95,100)	15	(37,38,39)	11	(66,67,68)	1	(11,12,13)	10	(95,95,95)	16	(19,22,25)
1253	2	10	(56,57,58)	1	(94,96,98)	15	(11,11,11)	5	(24,25,26)	8	(62,69,76)	4	(51,59,67)	9	(44,45,46)	13	(50,52,54)	14	(78,85,92)	2	(26,26,26)	17	(81,91,101)	6	(55,57,59)	3	(26,30,34)	16	(28,32,36)	19	(52,58,64)	11	(40,40,40)	7	(10,11,12)	18	(17,19,21)	0	(19,19,19)	12	(78,82,86)
1327	2	1	(80,81,82)	5	(82,83,84)	2	(75,77,79)	16	(44,45,46)	11	(62,63,64)	17	(91,95,99)	14	(22,25,28)	8	(48,48,48)	9	(26,27,28)	18	(51,56,61)	4	(54,54,54)	12	(76,82,88)	15	(30,32,34)	19	(88,99,110)	7	(36,41,46)	0	(1,1,1)	13	(2,2,2)	6	(57,61,65)	10	(22,23,24)	3	(23,26,29)
1405	1	1	(43,47,51)	18	(9,9,9)	2	(86,90,94)	14	(26,28,30)	5	(60,68,76)	8	(20,23,26)	10	(62,66,70)	6	(45,46,47)	19	(75,75,75)	4	(93,96,99)	13	(68,68,68)	9	(57,60,63)	16	(44,46,48)	7	(31,35,39)	11	(9,9,9)	12	(80,89,98)	15	(93,96,99)	0	(39,42,45)	3	(2,2,2)	17	(86,86,86)
1246	1	11	(81,90,99)	3	(45,52,59)	14	(9,10,11)	7	(24,25,26)	1	(53,59,65)	13	(48,55,62)	18	(29,30,31)	9	(29,33,37)	19	(16,18,20)	12	(78,80,82)	8	(70,73,76)	15	(38,41,44)	4	(9,9,9)	6	(64,64,64)	16	(79,79,79)	17	(28,31,34)	2	(71,79,87)	10	(42,44,46)	0	(13,14,15)	5	(66,73,80)
1678	1	10	(54,59,64)	2	(54,57,60)	17	(63,67,71)	7	(44,47,50)	8	(13,13,13)	18	(32,35,38)	13	(64,72,80)	6	(72,74,76)	5	(55,56,57)	16	(85,85,85)	0	(48,52,56)	15	(23,25,27)	1	(86,92,98)	3	(83,92,101)	12	(77,81,85)	11	(72,76,80)	9	(89,91,93)	14	(86,93,100)	19	(36,36,36)	4	(87,88,89)
1240	1	8	(28,28,28)	16	(79,89,99)	0	(3,3,3)	2	(69,75,81)	11	(29,31,33)	10	(76,87,98)	19	(58,66,74)	17	(62,67,72)	7	(34,34,34)	14	(17,19,21)	3	(30,30,30)	4	(86,91,96)	13	(47,53,59)	15	(75,81,87)	6	(13,13,13)	5	(14,15,16)	1	(59,59,59)	9	(17,17,17)	12	(82,85,88)	18	(10,11,12)
