20	20
1441	4	18	(77,84,91)	15	(9,9,9)	6	(32,34,36)	8	(62,62,62)	14	(11,11,11)	12	(56,60,64)	19	(40,43,46)	11	(45,52,59)	7	(70,77,84)	4	(33,37,41)	9	(13,15,17)	16	(41,43,45)	10	(8,8,8)	13	(5,5,5)	3	(32,36,40)	5	(53,56,59)	2	(40,46,52)	0	(47,51,55)	1	(79,86,93)	17	(82,86,90)
1512	4	18	(55,61,67)	13	(55,56,57)	8	(60,60,60)	3	(78,78,78)	1	(72,73,74)	19	(12,12,12)	14	(8,8,8)	16	(15,16,17)	0	(11,12,13)	2	(62,63,64)	9	(31,31,31)	10	(59,62,65)	11	(91,97,103)	4	(49,53,57)	5	(1,1,1)	12	(3,3,3)	6	(88,99,110)	7	(58,65,72)	15	(62,63,64)	17	(29,32,35)
1422	4	10	(82,86,90)	7	(50,53,56)	4	(58,59,60)	17	(12,12,12)	14	(32,34,36)	0	(27,27,27)	8	(2,2,2)	1	(79,86,93)	16	(73,85,97)	5	(21,21,21)	3	(51,58,65)	13	(69,70,71)	2	(52,55,58)	15	(68,77,86)	6	(15,15,15)	18	(19,20,21)	19	(32,32,32)	12	(39,42,45)	11	(17,17,17)	9	(35,38,41)
1675	4	2	(3,3,3)	19	(12,13,14)	5	(59,67,75)	16	(13,13,13)	11	(59,63,67)	15	(86,88,90)	13	(67,68,69)	4	(21,21,21)	0	(19,21,23)	8	(76,86,96)	17	(7,7,7)	6	(83,91,99)	18	(8,8,8)	10	(52,56,60)	9	(84,92,100)	3	(51,58,65)	1	(91,94,97)	7	(47,54,61)	12	(49,57,65)	14	(78,87,96)
1294	2	12	(26,29,32)	15	(73,74,75)	2	(77,89,101)	3	(17,18,19)	11	(37,38,39)	7	(69,75,81)	10	(17,18,19)	17	(15,15,15)	9	(94,95,96)	16	(10,11,12)	0	(22,24,26)	13	(4,4,4)	4	(12,12,12)	14	(15,17,19)	1	(34,34,34)	19	(31,35,39)	8	(57,62,67)	6	(90,90,90)	5	(43,48,53)	18	(21,21,21)
1745	2	6	(11,11,11)	12	(13,14,15)	13	(77,90,103)	8	(71,74,77)	14	(66,67,68)	0	(79,91,103)	5	(66,70,74)	11	(8,8,8)	7	(7,7,7)	2	(49,49,49)	19	(12,13,14)	3	(74,78,82)	1	(75,75,75)	18	(80,80,80)	4	(30,31,32)	15	(21,22,23)	10	(87,99,111)	16	(63,66,69)	9	(72,80,88)	17	(61,66,71)
1659	2	11	(95,97,99)	15	(60,63,66)	17	(11,11,11)	7	(66,71,76)	18	(1,1,1)	9	(58,63,68)	12	(68,70,72)	4	(32,33,34)	16	(67,74,81)	1	(72,76,80)	2	(75,86,97)	10	(76,87,98)	8	(9,9,9)	5	(17,18,19)	0	(45,51,57)	3	(24,27,30)	14	(42,48,54)	6	(30,31,32)	13	(39,45,51)	19	(75,76,77)
1214	2	18	(17,19,21)	17	(58,64,70)	0	(89,94,99)	7	(4,4,4)	4	(76,81,86)	12	(5,5,5)	1	(63,72,81)	10	(29,30,31)	2	(2,2,2)	15	(16,16,16)	13	(36,38,40)	14	(84,93,102)	19	(15,15,15)	5	(15,17,19)	6	(58,61,64)	3	(64,71,78)	9	(17,18,19)	8	(21,22,23)	11	(17,17,17)	16	(20,20,20)
1939	2	15	(57,61,65)	11	(57,66,75)	12	(59,62,65)	7	(68,70,72)	1	(58,59,60)	0	(80,80,80)	14	(75,82,89)	9	(2,2,2)	18	(95,97,99)	8	(70,76,82)	13	(68,72,76)	5	(77,90,103)	16	(68,74,80)	3	(93,95,97)	19	(38,41,44)	4	(9,9,9)	10	(42,46,50)	6	(20,20,20)	17	(68,78,88)	2	(32,32,32)
1870	2	7	(55,61,67)	18	(90,90,90)	4	(35,37,39)	19	(75,86,97)	12	(15,15,15)	9	(17,19,21)	13	(53,62,71)	5	(76,82,88)	2	(78,86,94)	15	(53,59,65)	10	(88,92,96)	14	(80,89,98)	0	(73,82,91)	16	(44,48,52)	1	(13,13,13)	6	(26,29,32)	8	(25,28,31)	17	(43,45,47)	11	(73,84,95)	3	(55,62,69)
1787	2	17	(7,7,7)	13	(83,86,89)	18	(73,79,85)	14	(66,67,68)	19	(76,85,94)	1	(62,68,74)	6	(87,94,101)	11	(53,61,69)	12	(45,47,49)	4	(43,49,55)	15	(46,50,54)	0	(55,55,55)	16	(3,3,3)	3	(17,18,19)	10	(77,79,81)	8	(32,32,32)	2	(38,43,48)	9	(85,97,109)	7	(50,53,56)	5	(43,44,45)
1313	2	10	(20,20,20)	14	(45,50,55)	12	(68,72,76)	9	(84,90,96)	2	(25,25,25)	0	(23,24,25)	19	(41,43,45)	5	(4,4,4)	4	(23,26,29)	13	(55,62,69)	7	(37,42,47)	11	(68,77,86)	3	(8,9,10)	15	(57,61,65)	18	(18,19,20)	16	(66,69,72)	1	(9,9,9)	6	(54,60,66)	17	(5,5,5)	8	(49,54,59)
1894	2	7	(44,45,46)	19	(67,73,79)	1	(49,50,51)	10	(53,58,63)	11	(94,94,94)	14	(77,90,103)	8	(93,97,101)	9	(42,42,42)	4	(35,36,37)	5	(69,72,75)	12	(79,84,89)	15	(29,33,37)	17	(44,44,44)	13	(59,59,59)	3	(46,47,48)	6	(38,40,42)	2	(75,81,87)	18	(77,85,93)	0	(26,26,26)	16	(27,28,29)
1619	2	17	(63,67,71)	11	(46,46,46)	13	(9,9,9)	1	(39,40,41)	2	(76,81,86)	4	(91,97,103)	7	(7,7,7)	0	(2,2,2)	10	(68,69,70)	8	(9,9,9)	3	(16,17,18)	19	(73,81,89)	14	(80,81,82)	6	(41,46,51)	9	(25,26,27)	5	(27,30,33)	18	(83,88,93)	16	(71,73,75)	12	(39,44,49)	15	(86,99,112)
1622	2	11	(15,16,17)	3	(60,62,64)	5	(3,3,3)	19	(29,30,31)	10	(15,16,17)	1	(38,40,42)	17	(55,62,69)	7	(96,96,96)	6	(74,75,76)	13	(60,69,78)	2	(83,86,89)	18	(83,90,97)	0	(84,93,102)	15	(14,15,16)	12	(29,30,31)	8	(40,46,52)	14	(50,50,50)	16	(26,29,32)	9	(9,9,9)	4	(93,97,101)
1587	2	12	(5,5,5)	8	(64,73,82)	16	(51,54,57)	0	(76,81,86)	18	(24,26,28)	13	(33,36,39)	7	(33,35,37)	19	(51,56,61)	4	(57,62,67)	9	(31,31,31)	17	(2,2,2)	5	(21,23,25)	11	(52,60,68)	14	(12,12,12)	10	(87,88,89)	3	(35,38,41)	6	(83,95,107)	15	(60,65,70)	1	(86,86,86)	2	(60,64,68)
1656	1	9	(3,3,3)	5	(99,99,99)	19	(75,81,87)	7	(81,93,105)	11	(72,82,92)	12	(17,17,17)	16	(1,1,1)	14	(1,1,1)	13	(28,32,36)	0	(36,36,36)	8	(27,30,33)	4	(56,62,68)	10	(80,90,100)	18	(20,20,20)	1	(97,98,99)	6	(3,3,3)	3	(64,66,68)	17	(73,75,77)	15	(78,79,80)	2	(63,67,71)
1577	1	19	(50,52,54)	4	(66,76,86)	6	(71,79,87)	1	(58,63,68)	14	(50,52,54)	2	(23,23,23)	0	(31,35,39)	18	(21,22,23)	7	(54,58,62)	10	(12,13,14)	3	(25,26,27)	12	(61,68,75)	15	(75,84,93)	9	(16,16,16)	13	(28,28,28)	5	(28,28,28)	8	(49,54,59)	17	(73,76,79)	16	(79,86,93)	11	(46,47,48)
1548	1	19	(71,74,77)	3	(32,34,36)	15	(64,68,72)	4	(35,37,39)	7	(25,26,27)	12	(43,48,53)	13	(28,29,30)	16	(22,24,26)	18	(53,60,67)	14	(91,98,105)	17	(54,54,54)	5	(84,97,110)	8	(18,19,20)	0	(88,99,110)	2	(62,62,62)	11	(44,46,48)	6	(23,25,27)	10	(48,53,58)	9	(10,11,12)	1	(4,4,4)
1702	1	11	(15,15,15)	17	(85,92,99)	13	(38,41,44)	4	(55,63,71)	3	(83,87,91)	15	(65,67,69)	18	(75,77,79)	12	(82,89,96)	0	(62,65,68)	10	(17,17,17)	5	(23,24,25)	19	(63,67,71)	9	(10,10,10)	2	(82,87,92)	7	(87,91,95)	14	(55,58,61)	6	(45,52,59)	8	(24,26,28)	1	(29,33,37)	16	(3,3,3)
